       --- Operating Point ---

V(n001):	 2.04083	 voltage
V(n002):	 2.04052	 voltage
V(n003):	 2.03969	 voltage
V(n004):	 1.39414	 voltage
V(n005):	 0.00101471	 voltage
V(n006):	 1.32974	 voltage
V(n007):	 0.654836	 voltage
V(n008):	 0.654833	 voltage
V(n009):	 0.654986	 voltage
V(n010):	 0.601047	 voltage
V(vdd):	 2.5	 voltage
V(vref):	 1.15435	 voltage
I(R1):	 4.99797e-06	 device_current
I(R2):	 9.9886e-06	 device_current
I(R3):	 9.99031e-06	 device_current
I(V1):	 -3.49661e-05	 device_current
Ib(M1):	 1.64974e-12	 device_current
Ib(M10):	 4.70313e-13	 device_current
Ib(M2):	 1.58503e-12	 device_current
Ib(M3):	 1.82596e-12	 device_current
Ib(M4):	 -2.00458e-12	 device_current
Ib(M5):	 -2.06913e-12	 device_current
Ib(M6):	 -1.40414e-12	 device_current
Ib(M7):	 -1.39943e-15	 device_current
Ib(M8):	 4.6948e-13	 device_current
Ib(M9):	 4.6917e-13	 device_current
Ib(Q1):	 -9.89029e-08	 device_current
Ib(Q10):	 -9.89146e-08	 device_current
Ib(Q2):	 -1.23627e-08	 device_current
Ib(Q3):	 -1.23627e-08	 device_current
Ib(Q4):	 -1.23627e-08	 device_current
Ib(Q5):	 -1.23627e-08	 device_current
Ib(Q6):	 -1.23627e-08	 device_current
Ib(Q7):	 -1.23627e-08	 device_current
Ib(Q8):	 -1.23627e-08	 device_current
Ib(Q9):	 -1.23627e-08	 device_current
Ic(Q1):	 -9.89023e-06	 device_current
Ic(Q10):	 -9.89139e-06	 device_current
Ic(Q2):	 -1.23621e-06	 device_current
Ic(Q3):	 -1.23621e-06	 device_current
Ic(Q4):	 -1.23621e-06	 device_current
Ic(Q5):	 -1.23621e-06	 device_current
Ic(Q6):	 -1.23621e-06	 device_current
Ic(Q7):	 -1.23621e-06	 device_current
Ic(Q8):	 -1.23621e-06	 device_current
Ic(Q9):	 -1.23621e-06	 device_current
Id(M1):	 9.98913e-06	 device_current
Id(M10):	 9.99031e-06	 device_current
Id(M2):	 9.9887e-06	 device_current
Id(M3):	 9.99031e-06	 device_current
Id(M4):	 9.98913e-06	 device_current
Id(M5):	 9.9886e-06	 device_current
Id(M6):	 9.77555e-11	 device_current
Id(M7):	 4.99797e-06	 device_current
Id(M8):	 9.98913e-06	 device_current
Id(M9):	 9.98869e-06	 device_current
Ie(Q1):	 9.98913e-06	 device_current
Ie(Q10):	 9.99031e-06	 device_current
Ie(Q2):	 1.24857e-06	 device_current
Ie(Q3):	 1.24857e-06	 device_current
Ie(Q4):	 1.24857e-06	 device_current
Ie(Q5):	 1.24857e-06	 device_current
Ie(Q6):	 1.24857e-06	 device_current
Ie(Q7):	 1.24857e-06	 device_current
Ie(Q8):	 1.24857e-06	 device_current
Ie(Q9):	 1.24857e-06	 device_current
Ig(M1):	 -0	 device_current
Ig(M10):	 -0	 device_current
Ig(M2):	 -0	 device_current
Ig(M3):	 -0	 device_current
Ig(M4):	 0	 device_current
Ig(M5):	 0	 device_current
Ig(M6):	 0	 device_current
Ig(M7):	 0	 device_current
Ig(M8):	 -0	 device_current
Ig(M9):	 -0	 device_current
Is(M1):	 -9.98913e-06	 device_current
Is(M10):	 -9.99031e-06	 device_current
Is(M2):	 -9.9887e-06	 device_current
Is(M3):	 -9.99031e-06	 device_current
Is(M4):	 -9.98913e-06	 device_current
Is(M5):	 -9.9886e-06	 device_current
Is(M6):	 -9.63514e-11	 device_current
Is(M7):	 -4.99797e-06	 device_current
Is(M8):	 -9.98913e-06	 device_current
Is(M9):	 -9.9887e-06	 device_current
Is(Q1):	 0	 device_current
Is(Q10):	 0	 device_current
Is(Q2):	 0	 device_current
Is(Q3):	 0	 device_current
Is(Q4):	 0	 device_current
Is(Q5):	 0	 device_current
Is(Q6):	 0	 device_current
Is(Q7):	 0	 device_current
Is(Q8):	 0	 device_current
Is(Q9):	 0	 device_current
